10
-6.915658312187888 107.63010006840169
-6.91128348486616 107.62689171985647
-6.909636049855755 107.62733425069028
-6.909800793615134 107.62620948482098
-6.9060116725922605 107.62141540082789
-6.904602185059322 107.62266923819038
-6.9011608212133515 107.62613572972455
-6.90408964307466 107.62832994510893
-6.907457765803778 107.63024757872218
-6.913809540671078 107.63426723379607
0 1 0 0 0 0 0 0 0 0
0 0 1 1 0 0 0 0 0 0
0 0 0 1 0 0 0 0 1 0
0 0 0 0 1 0 0 0 0 0
0 0 0 0 0 1 0 0 0 0
0 0 0 0 0 0 1 1 0 0
0 0 0 0 0 0 0 1 0 0
0 0 0 0 0 0 0 0 1 0
0 0 0 0 0 0 0 0 0 1
1 0 0 0 0 0 0 0 0 0