10
-6.901324542022644 107.61678415664939
-6.90102631110737 107.62487369922485
-6.904690277896003 107.62204128643981
-6.90441335116462 107.62120443720787
-6.905457151075435 107.62167650600536
-6.906138815080252 107.62137609858877
-6.90618141904793 107.61659103759585
-6.903539965796334 107.61740642915518
-6.9035253638483285 107.62028118537586
-6.902645325602228 107.62114267892628
0 1 0 0 0 0 0 1 0 0 0
0 0 1 0 0 0 0 0 0 0 0
0 0 0 1 1 0 0 0 0 0 0
0 0 1 0 1 0 0 0 1 0 0
0 0 0 0 0 1 0 0 0 0 0
0 0 0 0 0 0 1 0 0 0 0
0 0 0 0 0 0 0 1 0 0 0
0 0 0 0 0 0 0 0 1 0 0
1 0 0 0 0 0 0 0 0 1 0
1 0 0 0 0 0 0 0 0 0 0
