13
-6.892632630825431 107.60845661834338 
-6.892674596423178 107.61039263490176
-6.892372444036444 107.6119059404212
-6.89191082196259 107.61040108912253
-6.8910414698223 107.61103819285745
-6.891069497792017 107.60969717685302
-6.891048476814891 107.60822911722711
-6.890978406884382 107.61216041151378
-6.889899328627745 107.61154636733896
-6.889948377691824 107.60914665448894
-6.890116545872981 107.60815147945408
-6.888722149567901 107.60909724863615
-6.888701128486708 107.61156048329691
0 1 0 0 0 0 1 0 0 0 0 0 0
0 0 1 1 0 0 0 0 0 0 0 0 0
0 1 0 0 0 0 0 1 0 0 0 0 0
0 0 0 0 1 1 0 0 0 0 0 0 0
0 0 0 0 0 1 0 1 0 0 0 0 0
0 0 0 0 0 1 0 0 0 0 0 0 0
1 0 0 0 0 1 0 0 0 0 1 0 0
0 0 0 0 0 0 0 0 0 0 0 0 0
0 0 0 0 0 0 0 1 0 1 0 0 0
0 0 0 0 0 0 0 0 0 0 1 0 0
0 0 0 0 0 0 0 0 0 0 0 0 0
0 0 0 0 0 0 0 0 0 1 0 0 1
0 0 0 0 0 0 0 0 1 0 0 0 0